n_walkers,n_volume,mu,lmax,D,surface,TargetShape,n_targets,fixed_target_dist,detection_time,probability,surface_selector,first_touch_steps, second_touch_steps, delta_selector, delta
1,1073741824,2.0,512,10.00,Line,10,1,0.0,39081644.15,1.00
1,1073741824,2.0,512,5.24,Ball_no_boundary,10,1,0.0,91174729.43,1.00
1,1073741824,2.0,512,25.00,Line,25,1,0.0,96251510.49,1.00
1,1073741824,2.0,512,6.87,Ball_no_boundary,25,1,0.0,90595517.06,1.00
1,1073741824,2.0,512,50.00,Line,50,1,0.0,74142850.07,1.00
1,1073741824,2.0,512,8.55,Ball_no_boundary,50,1,0.0,174282955.37,1.00
1,1073741824,2.0,512,100.00,Line,100,1,0.0,2188743.56,1.00
1,1073741824,2.0,512,10.70,Ball_no_boundary,100,1,0.0,12988280.05,1.00
1,1073741824,2.0,512,200.00,Line,200,1,0.0,37854401.41,1.00
1,1073741824,2.0,512,13.43,Ball_no_boundary,200,1,0.0,45234919.65,1.00
1,1073741824,2.0,512,250.00,Line,250,1,0.0,5517161.77,1.00
1,1073741824,2.0,512,14.46,Ball_no_boundary,250,1,0.0,16752164.07,1.00
1,1073741824,2.0,512,300.00,Line,300,1,0.0,5235094.38,1.00
1,1073741824,2.0,512,15.36,Ball_no_boundary,300,1,0.0,2555534.06,1.00
1,1073741824,2.0,512,350.00,Line,350,1,0.0,1039709.91,1.00
1,1073741824,2.0,512,16.16,Ball_no_boundary,350,1,0.0,18358064.03,1.00
1,1073741824,2.0,512,400.00,Line,400,1,0.0,4831482.47,1.00
1,1073741824,2.0,512,16.90,Ball_no_boundary,400,1,0.0,3356917.71,1.00
1,1073741824,2.0,512,450.00,Line,450,1,0.0,2508374.52,1.00
1,1073741824,2.0,512,17.57,Ball_no_boundary,450,1,0.0,3162670.62,1.00
1,1073741824,2.0,512,500.00,Line,500,1,0.0,657275.47,1.00
1,1073741824,2.0,512,18.20,Ball_no_boundary,500,1,0.0,11301795.79,1.00
1,1073741824,2.5,512,10.00,Line,10,1,0.0,12029057.84,1.00
1,1073741824,2.5,512,5.24,Ball_no_boundary,10,1,0.0,13771001.29,1.00
1,1073741824,2.5,512,25.00,Line,25,1,0.0,5816601.00,1.00
1,1073741824,2.5,512,6.87,Ball_no_boundary,25,1,0.0,122404743.35,1.00
1,1073741824,2.5,512,50.00,Line,50,1,0.0,96928871.15,1.00
1,1073741824,2.5,512,8.55,Ball_no_boundary,50,1,0.0,40216051.44,1.00
1,1073741824,2.5,512,100.00,Line,100,1,0.0,32403481.91,1.00
1,1073741824,2.5,512,10.70,Ball_no_boundary,100,1,0.0,14734096.95,1.00
1,1073741824,2.5,512,200.00,Line,200,1,0.0,6665686.41,1.00
1,1073741824,2.5,512,13.43,Ball_no_boundary,200,1,0.0,3936381.52,1.00
1,1073741824,2.5,512,250.00,Line,250,1,0.0,1653794.89,1.00
1,1073741824,2.5,512,14.46,Ball_no_boundary,250,1,0.0,7079012.52,1.00
1,1073741824,2.5,512,300.00,Line,300,1,0.0,12671832.70,1.00
1,1073741824,2.5,512,15.36,Ball_no_boundary,300,1,0.0,51101434.20,1.00
1,1073741824,2.5,512,350.00,Line,350,1,0.0,4302870.33,1.00
1,1073741824,2.5,512,16.16,Ball_no_boundary,350,1,0.0,7292960.66,1.00
1,1073741824,2.5,512,400.00,Line,400,1,0.0,3362362.06,1.00
1,1073741824,2.5,512,16.90,Ball_no_boundary,400,1,0.0,34584120.62,1.00
1,1073741824,2.5,512,450.00,Line,450,1,0.0,1491080.03,1.00
1,1073741824,2.5,512,17.57,Ball_no_boundary,450,1,0.0,19285687.95,1.00
1,1073741824,2.5,512,500.00,Line,500,1,0.0,546705.78,1.00
1,1073741824,2.5,512,18.20,Ball_no_boundary,500,1,0.0,5287769.73,1.00
1,1073741824,3.0,512,10.00,Line,10,1,0.0,429104.27,1.00
1,1073741824,3.0,512,5.24,Ball_no_boundary,10,1,0.0,203157948.55,1.00
1,1073741824,3.0,512,25.00,Line,25,1,0.0,111363092.71,1.00
1,1073741824,3.0,512,6.87,Ball_no_boundary,25,1,0.0,179589127.10,1.00
1,1073741824,3.0,512,50.00,Line,50,1,0.0,22145831.19,1.00
1,1073741824,3.0,512,8.55,Ball_no_boundary,50,1,0.0,18567450.65,1.00
1,1073741824,3.0,512,100.00,Line,100,1,0.0,42821884.79,1.00
1,1073741824,3.0,512,10.70,Ball_no_boundary,100,1,0.0,143120399.49,1.00
1,1073741824,3.0,512,200.00,Line,200,1,0.0,2452462.89,1.00
1,1073741824,3.0,512,13.43,Ball_no_boundary,200,1,0.0,64126665.88,1.00
1,1073741824,3.0,512,250.00,Line,250,1,0.0,59047291.95,1.00
1,1073741824,3.0,512,14.46,Ball_no_boundary,250,1,0.0,714565.66,1.00
1,1073741824,3.0,512,300.00,Line,300,1,0.0,4928827.58,1.00
1,1073741824,3.0,512,15.36,Ball_no_boundary,300,1,0.0,68146256.66,1.00
1,1073741824,3.0,512,350.00,Line,350,1,0.0,3094592.10,1.00
1,1073741824,3.0,512,16.16,Ball_no_boundary,350,1,0.0,19625336.75,1.00
1,1073741824,3.0,512,400.00,Line,400,1,0.0,4136797.50,1.00
1,1073741824,3.0,512,16.90,Ball_no_boundary,400,1,0.0,369595.81,1.00
1,1073741824,3.0,512,450.00,Line,450,1,0.0,13698832.51,1.00
1,1073741824,3.0,512,17.57,Ball_no_boundary,450,1,0.0,260236.52,1.00
1,1073741824,3.0,512,500.00,Line,500,1,0.0,4256942.23,1.00
1,1073741824,3.0,512,18.20,Ball_no_boundary,500,1,0.0,29808482.43,1.00
